-0.0000000000000000 -0.0000000000000000 -0.0000000000000000 -0.0000000000000000 -0.0000000000000000 -0.0000000000000000 -0.0000000000000000 -0.0000000000000000 -0.0000000000000000 -0.0000000000000000 
1.2001983962979579 0.9045340337332903 0.7825080450574998 0.7144345083117601 0.6708203932499369 0.6405126152203487 0.6182840223353118 0.6013377943029549 0.5880352375606641 0.5773502691896258 
1.0000000000000011 1.0000000000000000 0.9999999999999997 0.9999999999999996 1.0000000000000000 1.0000000000000000 1.0000000000000000 1.0000000000000000 0.9999999999999994 1.0000000000000000 
2.4003967925959158 1.8090680674665807 1.5650160901149996 1.4288690166235203 1.3416407864998738 1.2810252304406975 1.2365680446706235 1.2026755886059097 1.1760704751213282 1.1547005383792517 
0.2750000000000000 0.2999999999999999 0.3249999999999999 0.3500000000000001 0.3750000000000000 0.4000000000000000 0.4249999999999999 0.4499999999999998 0.4750000000000003 0.5000000000000000 
1.5493470206755449 1.4171033195154890 1.4325916517206536 1.4901062601931006 1.5652475842498519 1.6493199841923973 1.7384691922134050 1.8307395071001074 1.9250416724354371 2.0207259421636898 
3.2999999999999954 3.6000000000000001 3.8999999999999990 4.2000000000000002 4.5000000000000000 4.7999999999999980 5.1000000000000023 5.3999999999999977 5.7000000000000028 6.0000000000000000 
9.2960821240532692 8.5026199170929342 8.5955499103239230 8.9406375611586046 9.3914855054991140 9.8959199051543809 10.4308151532804327 10.9844370426006410 11.5502500346126222 12.1243556529821408 
6.5999999999999988 7.2000000000000002 7.7999999999999980 8.4000000000000021 9.0000000000000000 9.5999999999999979 10.1999999999999975 10.7999999999999989 11.4000000000000057 12.0000000000000000 
0.0315052079028214 0.0497493718553310 0.0674913188862094 0.0857321409974112 0.1048156864453027 0.1248999599679680 0.1460696002767174 0.1683745824048273 0.1918464962541667 0.2165063509461097 
0.3287500000000001 0.4150000000000004 0.5087500000000000 0.6100000000000002 0.7187500000000000 0.8350000000000005 0.9587500000000008 1.0900000000000001 1.2287500000000002 1.3750000000000000 
2.1453546333826030 2.3970151893932234 2.8072476116437803 3.2863987382340998 3.8152909866090168 4.3875114142593885 5.0003720306368376 5.6525752664477773 6.3434301251856633 7.0725407975729198 
7.5749999999999966 9.3000000000000096 11.1749999999999936 13.1999999999999993 15.3750000000000000 17.7000000000000099 20.1750000000000043 22.8000000000000007 25.5749999999999993 28.5000000000000000 
25.7442556005912095 28.7641822727186778 33.6869713397253605 39.4367848588091832 45.7834918393081836 52.6501369711126657 60.0044643676420222 67.8309031973733028 76.1211615022279489 84.8704895708749945 
39.4500000000000099 49.8000000000000185 61.0500000000000043 73.2000000000000171 86.2500000000000000 100.2000000000000455 115.0500000000000540 130.7999999999999829 147.4500000000000171 165.0000000000000000 
22.6837496900314299 35.8195477358383485 48.5937495980707439 61.7271415181360865 75.4672942406179175 89.9279711769369783 105.1701121992365699 121.2296993314757003 138.1294773030000158 155.8845726811989607 
0.0024062500000000 0.0055000000000000 0.0093437500000000 0.0140000000000000 0.0195312500000000 0.0260000000000000 0.0334687500000000 0.0420000000000000 0.0516562500000000 0.0625000000000000 
0.0366606055596467 0.0657797250087155 0.0996794863550169 0.1396209153386412 0.1863389981249826 0.2404324229383384 0.3024499958670855 0.3729185195484697 0.4523538437992982 0.5412658773652742 
0.4097500000000004 0.6080000000000003 0.8482500000000011 1.1340000000000008 1.4687500000000004 1.8560000000000012 2.2992500000000016 2.8019999999999987 3.3677500000000000 4.0000000000000000 
3.0890924541807094 4.1798517698815418 5.6191300786313647 7.3541847044160340 9.3914855054991140 11.7474817476026132 14.4413690186309935 17.4933173281358094 20.9239031120059629 24.7538927915051943 
15.0425000000000040 21.2400000000000162 28.6974999999999980 37.5200000000000244 47.8125000000000000 59.6800000000000139 73.2275000000000205 88.5599999999999881 105.7824999999999420 125.0000000000000000 
61.7818490836142189 83.5970353976308047 112.3826015726272800 147.0836940883206694 187.8297101099823010 234.9496349520522358 288.8273803726199844 349.8663465627164442 418.4780622401191863 495.0778558301041699 
147.5100000000001046 218.8800000000001091 305.3700000000001182 408.2400000000001796 528.7500000000000000 668.1600000000004229 827.7300000000005866 1008.7199999999996862 1212.3899999999998727 1440.0000000000000000 
184.7694520206196387 331.5298140439260237 502.3846112292852126 703.6894133067517032 939.1485505499118744 1211.7794116092254626 1524.3479791701111026 1879.5093385242867043 2279.8633727484625524 2727.9800219209814713 
97.0200000000000813 221.7600000000002467 376.7400000000002365 564.4800000000003593 787.5000000000000000 1048.3200000000003911 1349.4600000000004911 1693.4400000000000546 2082.7799999999988358 2520.0000000000000000 
0.0001378352845748 0.0004560359086739 0.0009701877089893 0.0017146428199482 0.0027295751678464 0.0040592486989590 0.0057514905108958 0.0078574805122253 0.0104316532338203 0.0135316469341319 
0.0027617187500000 0.0071041666666667 0.0133867187500000 0.0220000000000000 0.0333658854166667 0.0479375000000000 0.0661992187500000 0.0886666666666666 0.1158867187499999 0.1484375000000000 
0.0439103835145574 0.0907926036359791 0.1548082126952428 0.2400499947927515 0.3504774515514807 0.4902323428742744 0.6637037462573349 0.8755478285051025 1.1306952872979945 1.4343545750179765 
0.5275937500000003 0.9265000000000008 1.4725937500000010 2.1940000000000022 3.1210937500000009 4.2865000000000020 5.7250937500000054 7.4740000000000020 9.5725937500000011 12.0625000000000053 
4.5413256943921709 7.3819022492973918 11.3415248848049508 16.5577341646333700 23.2323969006013229 31.5907226952828246 41.8756426204941832 54.3465044979238101 69.2786732213650396 86.9633842966873658 
27.7614375000000138 45.7230000000000700 69.9714375000000075 101.6880000000000877 142.1484375000000000 192.7230000000000985 254.8764375000001223 330.1680000000001201 420.2514374999998381 526.8750000000000000 
136.2397708317650995 221.4570674789218003 340.2457465441486306 496.7320249390011213 696.9719070180397011 947.7216808584846603 1256.2692786148252253 1630.3951349377146016 2078.3601966409514716 2608.9015289006215426 
443.1787500000002069 778.2600000000005593 1236.9787500000006730 1842.9600000000014006 2621.7187500000000000 3600.6600000000012187 4809.0787500000042201 6278.1599999999989450 8040.9787500000011278 10132.5000000000000000 
885.2333316534763981 1830.3788893013397683 3120.9335679360938229 4839.4078950218718091 7065.6254232778537698 9883.0840323453685414 13380.2675245478749275 17651.0442226628656499 22794.8169919275715074 28916.5882323623991397 
1002.1725000000010368 2577.9600000000041291 4857.7725000000018554 7983.3600000000087675 12107.8125000000000000 17395.5600000000049477 24022.3725000000122236 32175.3600000000042201 42052.9724999999816646 53865.0000000000000000 
500.1766806651932029 1654.8631053957333279 3520.6171583802256464 6222.0958650281236260 9905.0823690810993867 14730.2016787822776678 20871.0087659384989820 28513.2252827630873071 37854.3832548871505423 49103.6403945776692126 
0.0000367394644802 0.0001759495441772 0.0004687519429131 0.0009771743279921 0.0017750591604907 0.0029489725255476 0.0045991129626543 0.0068402202959448 0.0098024844644861 0.0136324543525685 
0.0001568816148070 0.0005806857237114 0.0013642331784864 0.0026356509632347 0.0045492919464107 0.0072863514146313 0.0110563946997690 0.0160991045161594 0.0226861006116556 0.0311227879485033 
0.0032400156250000 0.0094930000000000 0.0199816093750000 0.0361760000000000 0.0598144531250000 0.0929240000000001 0.1378410468750001 0.1972320000000001 0.2741138906249999 0.3718750000000002 
0.0539175831884172 0.1296551546169685 0.2497451359885250 0.4295425212944585 0.6867611122301602 1.0419310785477849 1.5186534128416758 2.1438200163259986 2.9478249110814088 3.9647725517006340 
0.6965389062499996 1.4513700000000000 2.6279073437500013 4.3618400000000053 6.8129882812499982 10.1671600000000026 14.6380067187499989 20.4688799999999809 27.9346876562499951 37.3437499999999929 
6.7511948103888626 13.1203445522509892 23.0027029516750581 37.4435207455852037 57.7202515973207255 85.3239248654130904 121.9697147680291920 169.6108473863168626 230.4531736470714804 306.9699212497592384 
49.1316787499999990 95.2207200000000853 165.6813112500001637 268.1750400000002514 411.7148437500000000 606.7689600000001064 865.3648762500004068 1201.1932800000004136 1629.7120087499993133 2168.2500000000000000 
283.5501820363321599 551.0544711945417475 966.1135239703523894 1572.6278713145791244 2424.2505670874716088 3583.6048443473514453 5122.7280202572255803 7123.6555902253076056 9679.0332931770044524 12892.7366924898869911 
1170.1853624999996555 2438.3016000000015993 4414.8843375000060405 7327.8912000000109401 11445.8203125000000000 17080.8288000000138709 24591.8512875000160420 34387.7183999999833759 46930.2752625000139233 62737.5000000000000000 
3260.9354312354726062 7841.5437512342568880 15104.5858245859944873 25978.7316878888486826 41535.3120676800826914 63015.9916305700535304 91848.1584086645452771 129658.2345873964222847 178284.4506222035852261 239789.4439268543210346 
5878.6843500000068161 17224.0992000000260305 36254.6320500000365428 65637.7344000000739470 108527.3437500000000000 168601.3056000000506174 250098.7954500001796987 357857.7408000002033077 497352.2431499997619539 674730.0000000000000000 
6262.2120419282191506 23179.1158962428999075 54455.8229390073902323 105206.7523692469549133 181593.1767664867802523 290847.8321475561824627 441335.8959517396287993 642624.7351506296545267 905556.5408953321166337 1242322.1019828154239804 
3025.5687000000052649 14489.7984000000233209 38602.6641000000308850 80472.2688000000925967 146179.6875000000000000 242853.8112000001419801 378746.1909000001614913 563305.8816000001970679 807254.2862999999197200 1122660.0000000000000000 
0.0003184392792241 0.0022074895050345 0.0073646445273520 0.0181088899102081 0.0375363467049927 0.0696654086190162 0.1195884238613514 0.1936325037853515 0.2995301745238760 0.4466001274856581 
0.0010889268597018 0.0057435239603490 0.0166988706907917 0.0377065349446195 0.0737292369987621 0.1311510865023790 0.2180033925760361 0.3442060470211716 0.5218244806398495 0.7653421926648011 
0.0011875224433114 0.0048458599603664 0.0124294710330260 0.0260138691477344 0.0483315323631338 0.0828754848527833 0.1340162477201820 0.2071281877590377 0.3087244475960796 0.4466002207996103 
0.0038769664062500 0.0130553500000000 0.0308424789062500 0.0616864000000001 0.1113891601562500 0.1873371500000001 0.2987485101562503 0.4569376000000002 0.6755965289062500 0.9710937500000001 
0.0676238415433827 0.1902485628868457 0.4149524046082050 0.7924941942375106 1.3883984091250838 2.2856867534082097 3.5876349892054948 5.4206917158407908 7.9375785187368937 11.3205758250947071 
0.9374897421875004 2.3199635000000027 4.7849461171875038 8.8475040000000131 15.1737060546875000 24.6059615000000171 38.1902345546875424 57.2051359999999605 83.1928916171875130 117.9921875000000000 
10.1005468311219211 23.4147616654817767 46.8295427472004988 85.0016117084963696 143.9825243032410071 231.4197423875305049 356.7983466939006121 531.7021849815338328 770.0923964601088301 1088.6029536549956447 
84.7088239374999716 194.2303720000003011 385.0356829375000416 694.8282880000007253 1172.2333984375000000 1878.6222280000006322 2890.0714504375023353 4299.4577920000010636 6218.6877589374962554 8781.0625000000000000 
565.6306225428273819 1311.2266532669793833 2622.4543938432275354 4760.0902556757964703 8063.0213609814964002 12959.5055737017064530 19980.7074148584397335 29775.3223589658882702 43125.1742017661163118 60961.7654046797470073 
2834.9689803749997736 7015.5696240000079342 14469.6770583750057995 26754.8520960000387277 45885.2871093750000000 74408.4275760000309674 115487.2692933751095552 172988.3312639999494422 251575.3042503749893513 356808.3750000000000000 
10224.7248413594588783 28765.5827084910742997 62740.8035767605979345 119825.1221687116485555 209925.8394597126753069 345595.8371153213083744 542450.4103678709361702 819608.5874351277016103 1200161.8720330181531608 1711671.0647543200757354 
25792.6821075000225392 86854.6324800001457334 205188.8436675001576077 410387.2819200007361360 741049.8046875000000000 1246316.5915200004819781 1987514.0883675022050738 3039914.4652800015173852 4494608.5875074984505773 6460492.5000000000000000 
43525.8749281657801475 182107.7555701681121718 475526.2389652587589808 1008576.8513375988695771 1893108.8677906249649823 3272402.6841515568085015 5326051.8559710839763284 8275222.2944646319374442 12388263.3183776233345270 17986663.4765338003635406 
44517.1176450000712066 237552.1948800005484372 696778.0870050006778911 1584154.0915200021117926 3114439.4531250000000000 5564387.9491200027987361 9282623.5552050080150366 14700197.1916799992322922 22341824.5500449948012829 32837805.0000000000000000 
21028.4280085260688793 145773.5812280994432513 486331.0130243278108537 1195837.0484914858825505 2478746.8628625450655818 4600418.7467038519680500 7897130.5548382829874754 12786698.8516045399010181 19779748.0471101440489292 29491646.4209833554923534 
-0.0207764281606809 -0.2084776931341925 -0.8709855336875313 -2.5261669683457932 -5.9750509837927099 -12.3883679228922059 -23.4074794723016488 -41.2607271496479271 -68.8962271902368428 -110.1321397332672092 
0.0061774201782030 0.0471112383886292 0.1713817080139087 0.4561603164921357 1.0172560723762618 2.0206133696076445 3.6956395934796498 6.3505298512639996 10.3897315270839989 16.3336856451256729 
0.0121385608253603 0.0711507676026830 0.2272514930789830 0.5586058672549274 1.1803094459892765 2.2549646149233249 4.0049760160576264 6.7266877843133450 10.8064853814105177 16.7389848143955327 
0.0369617170040312 0.1687113578143509 0.4774498164414737 1.0911167971923150 2.1954896950501381 4.0501393081124082 7.0070953678689527 11.5323178992479782 18.2301421822285192 27.8708777442612892 
0.0346879049652932 0.1269341640814918 0.3244875282935559 0.6988842245686425 1.3527203707229734 2.4281940202867243 4.1170145012559693 6.6717767125808090 10.4188980422387285 15.7732155707422876 
0.0863576436932842 0.2853622311309397 0.7058178401739827 1.4980334621980125 2.8772451844269149 5.1416789017762614 8.6933509273045271 14.0619207375811097 21.9318152432799920 33.1728324590242281 
1.2809421968750005 3.7660692000000062 8.8489471281250065 18.2297696000000187 34.3337402343750000 60.5087344000000442 101.2544924656250629 162.4855967999999962 251.8304847718749500 378.9687500000000000 
15.1721839528818094 41.9170868843149975 95.6477626510427399 193.6363511614774211 360.4819996396782926 630.0699824898462111 1047.8652485146938034 1673.5457281937190146 2583.9963521862418929 3876.6860407084136568 
143.5203092812500358 390.6258480000008149 883.2493324687501399 1777.9991040000015801 3297.3618164062500000 5747.5402560000038648 9539.1289965937612578 15210.8305920000075275 23456.4150085312394367 35155.1250000000000000 
1092.3972446074897107 3018.0302556706801624 6886.6389108750736341 13941.8172836263747740 25954.7039740568252455 45365.0387392689153785 75446.2978930579265580 120495.2924299477599561 186047.7373574093799107 279121.3949310057214461 
6455.9486722500059841 18980.9887680000247201 44598.6935257500517764 91878.0387840001058066 173042.0507812500000000 304964.0213760003098287 510322.6420267503126524 818927.4078720001270995 1269225.6432502497918904 1910002.5000000000000000 
28726.0065981340776489 94922.8925633957696846 234783.2463554737041704 498305.8508655467885546 957086.8381477691000327 1710328.0698868550825864 2891756.2524585770443082 4677557.3141489801928401 7295399.0225246557965875 11034610.9891698211431503 
94240.4618925001559546 367206.6182400006800890 976875.8474475007969886 2162468.6899200035259128 4269665.0390625000000000 7780247.3548800060525537 13346511.4403775148093700 21830785.3209600150585175 34350396.7670324966311455 52328430.0000000000000000 
222079.4465687072661240 1059067.1545283892191947 3088616.3093440220691264 7213663.2840124098584056 14754445.6122770570218563 27565650.1505219638347626 48173163.5201701894402504 79931365.2135166078805923 127202247.4229460805654526 195557703.0534253120422363 
357924.7772100006695837 2147388.1228800043463707 6975501.4028700049966574 17365915.6070400178432465 37056550.7812500000000000 71350449.7305600643157959 127523842.4760301262140274 215295507.9475201368331909 347361519.3948900103569031 539999460.0000000000000000 
355571.6008714408962987 2738460.8473564395681024 10036589.4775789827108383 26869726.3344719447195530 60198138.0980903729796410 120021639.0881130397319794 220190581.3525497913360596 379338732.5976013541221619 621946664.1580045223236084 979543970.4112324714660645 
165196.0510200004500803 1657632.9369600047357380 6925317.9395400062203407 20085878.2924800254404545 47508398.4375000000000000 98501505.8227201253175735 186115878.2082602083683014 328069345.4438401460647583 547802758.6831797361373901 875674800.0000000000000000 
