3.2123046500205161 0.9971401069575969 0.4695274269256042 0.2648247839954412 0.1656627896400987 0.1109420995079500 0.0780093746914090 0.0569136945599187 0.0427462422029251 0.0328707632745161 
5.9315900756823403 2.0438432199891223 1.0673702362728519 0.6613103295004356 0.4503791675652086 0.3258989419488871 0.2460545784516901 0.1917316257706697 0.1531087317929547 0.1246919605689067 
-3.7158340192335233 -1.5283250908735397 -0.8656170073839723 -0.5624535987193057 -0.3952810437829498 -0.2924724912443119 -0.2245075409963915 -0.1771899443237445 -0.1429337223338765 -0.1173605223326118 
11.8631801513646806 4.0876864399782447 2.1347404725457038 1.3226206590008711 0.9007583351304171 0.6517978838977742 0.4921091569033803 0.3834632515413393 0.3062174635859094 0.2493839211378134 
-4.0074930552136285 -0.9405911911739067 -0.3898461463173851 -0.2040925558480530 -0.1215637247519395 -0.0786370350688402 -0.0538901783891215 -0.0385471246055490 -0.0285028260557246 -0.0216432241292689 
1.8631909110579663 0.5752176638585061 0.2720171423251261 0.1541545219132248 0.0968290539189102 0.0650659550397315 0.0458797610275407 0.0335505319412208 0.0252477711815539 0.0194466675764438 
-2.7384427396611115 -0.9565157816902041 -0.4773556041598124 -0.2789717812877510 -0.1787646970232742 -0.1218166759214160 -0.0867874008805389 -0.0639685564910778 -0.0484386923988815 -0.0374964673290043 
11.1791454663477960 3.4513059831510366 1.6321028539507565 0.9249271314793492 0.5809743235134611 0.3903957302383892 0.2752785661652442 0.2013031916473249 0.1514866270893233 0.1166800054586631 
-96.1798333251270918 -22.5741885881737652 -9.3563075116172438 -4.8982213403532722 -2.9175293940465488 -1.8872888416521656 -1.2933642813389166 -0.9251309905331763 -0.6840678253373910 -0.5194373791024532 
1.7098675582686964 0.2748994123143462 0.0905646043990317 0.0400798794187460 0.0208801070300685 0.0120736367409935 0.0075092385082417 0.0049298481545419 0.0033748566587880 0.0023890478589521 
-0.7435003128857570 -0.1590483011422717 -0.0603854530386972 -0.0291499359595173 -0.0161082502189952 -0.0097196803095353 -0.0062425643565850 -0.0042020903332897 -0.0029346561282106 -0.0021114589480820 
0.8175499600174664 0.2196821927104824 0.0925766836140424 0.0474979545738432 0.0273211410273633 0.0169594705380418 0.0111239829516298 0.0076100885987371 0.0053831272573224 0.0039133066075951 
-1.9569665052177718 -0.5770597087603029 -0.2529802024434316 -0.1327208364281703 -0.0774460481628534 -0.0485579668191962 -0.0320851422477029 -0.0220735877242334 -0.0156832053938726 -0.0114415531461036 
9.8105995202095997 2.6361863125257892 1.1109202033685093 0.5699754548861180 0.3278536923283593 0.2035136464565013 0.1334877954195576 0.0913210631848455 0.0645975270878687 0.0469596792911406 
-89.2200375462908397 -19.0857961370725988 -7.2462543646436615 -3.4979923151420698 -1.9329900262794215 -1.1663616371442407 -0.7491077227901943 -0.5042508399947699 -0.3521587353852695 -0.2533750737698394 
1231.1046419534616234 197.9275768663293036 65.2065151673028396 28.8575131814971293 15.0336770616493336 8.6930184535153305 5.4066517259340516 3.5494906712701990 2.4298967943273633 1.7201144584455257 
-0.5275686879315771 -0.0583056126930175 -0.0152932731838105 -0.0057266018150509 -0.0026108090768619 -0.0013499649085648 -0.0007621956938002 -0.0004593456419527 -0.0002911703294433 -0.0001921755029311 
0.2245734968416985 0.0330470447391571 0.0100138278241086 0.0040998292146172 0.0019867116196807 0.0010737948043415 0.0006269539902468 0.0003878732197007 0.0002510743635394 0.0001685693221936 
-0.2216055693758981 -0.0421693136533173 -0.0144411943446761 -0.0063601895896681 -0.0032356997228742 -0.0018106078593125 -0.0010849161879847 -0.0006847784169010 -0.0004503637920076 -0.0003062868613115 
0.4091245240060866 0.0943215723797822 0.0351662410721115 0.0162629269168370 0.0085409212735151 0.0048871291921702 0.0029770342576893 0.0019029263728168 0.0012640274306010 0.0008665671445910 
-1.3716237105107989 -0.3404128089419102 -0.1308991418653261 -0.0615923572816881 -0.0327082392056213 -0.0188608415631113 -0.0115545297418363 -0.0074176597870099 -0.0049439540476597 -0.0033986249098110 
8.1824904801217304 1.8864314475956427 0.7033248214422299 0.3252585383367400 0.1708184254703028 0.0977425838434037 0.0595406851537861 0.0380585274563362 0.0252805486120191 0.0173313428918201 
-79.7780049753233271 -15.1809529151942311 -5.1988299640834086 -2.2896682522805207 -1.1648519002347135 -0.6518188293525098 -0.3905698276744859 -0.2465202300843610 -0.1621309651227284 -0.1102632700721333 
1131.8504240821603162 166.5571054853520536 50.4696922335071108 20.6631392416709403 10.0130265631906461 5.4119258138813553 3.1598481108436509 1.9548810272917245 1.2654147922385039 0.8495893838556631 
-21271.5694974011894374 -2350.8823037824640778 -616.6247747712412774 -230.8965851828511973 -105.2678219790729344 -54.4305851133324978 -30.7317303740240106 -18.5208162835320280 -11.7399876831526946 -7.7485162781817891 
0.0394596600508221 0.0030032521133880 0.0006277831471244 0.0001990185582101 0.0000794356822848 0.0000367389061594 0.0000188341309808 0.0000104213000092 0.0000061174158541 0.0000037648047644 
-0.0536606661573450 -0.0054346677993909 -0.0013133055617906 -0.0004556299777232 -0.0001934655063058 -0.0000936029477805 -0.0000496558893961 -0.0000282214242633 -0.0000169256705745 -0.0000106006329044 
0.0503807833934490 0.0066628400433966 0.0018336317669949 0.0006881942514326 0.0003080876097982 0.0001548283744462 0.0000845102863395 0.0000491041852061 0.0000299725079202 0.0000190418377466 
-0.0822046648592568 -0.0136909534830025 -0.0041901726831081 -0.0016736585531200 -0.0007806238158696 -0.0004038496700291 -0.0002252355320167 -0.0001330593275620 -0.0000822887663523 -0.0000528350286645 
0.2191387135132201 0.0430024105119978 0.0141308537676911 0.0058770738165762 0.0028138331159239 0.0014825860250415 0.0008380819701572 0.0005002266611976 0.0003118743832767 0.0002015538035009 
-0.9485605519920119 -0.1977899481927786 -0.0666547369017895 -0.0281148799021048 -0.0135827471154050 -0.0072015711032055 -0.0040896484528953 -0.0024495374820984 -0.0015313968114043 -0.0009918706615198 
6.5741614053966035 1.2900723153599332 0.4239256130307322 0.1763122144972849 0.0844149934777184 0.0444775807512439 0.0251424591047160 0.0150067998359273 0.0093562314983015 0.0060466141050258 
-69.0519184817756724 -11.5004009257221114 -3.5197450538108206 -1.4058731846207639 -0.6557240053304543 -0.3392337228244258 -0.1891978468940425 -0.1117698351520689 -0.0691225637359044 -0.0443814240781649 
1015.6765932119326408 134.3228552748747688 36.9660164226163417 13.8739961088810020 6.2110462135311755 3.1213400288352169 1.7037273726039162 0.9899403737559604 0.6042457596709196 0.3838834489716160 
-19472.3825351773630246 -1972.1322510429567956 -476.5723222625721291 -165.3390063162015622 -70.2047629282470069 -33.9666376905787146 -18.0191291440446726 -10.2409904366714350 -6.1419873380785797 -3.8467576683579590 
143191.2143924231058918 10898.2012690624251263 2278.0994842851473550 722.1985440328608092 288.2562038750908187 133.3181426711440736 68.3452945029493151 37.8168134732626484 22.1988786512024419 13.6617235291282615 
-0.0002629248397253 -0.0000148830768184 -0.0000026108626040 -0.0000007271106687 -0.0000002611825429 -0.0000001103703040 -0.0000000522453086 -0.0000000269039564 -0.0000000147887641 -0.0000000085654247 
0.0032763141842144 0.0002285982942914 0.0000440586142328 0.0000129509526447 0.0000048176589540 0.0000020861333494 0.0000010053496761 0.0000005248248704 0.0000002915940935 0.0000001703430799 
-0.0096458318191456 -0.0008825468461168 -0.0001944620001699 -0.0000620281161546 -0.0000243858666727 -0.0000109890878559 -0.0000054573264318 -0.0000029162258835 -0.0000016507162334 -0.0000009790259007 
0.0147299821772489 0.0017261192426422 0.0004276227751311 0.0001462441631868 0.0000602218459410 0.0000280484052646 0.0000142763888921 0.0000077752472542 0.0000044679473788 0.0000026824090196 
-0.0345930572358516 -0.0049873044177954 -0.0013562279923485 -0.0004895164134783 -0.0002088095696957 -0.0000996959492177 -0.0000516841792429 -0.0000285474625089 -0.0000165875941234 -0.0000100481865150 
0.1222422597178133 0.0203198894150802 0.0058721139368984 0.0021935313785842 0.0009566244631845 0.0004638455451753 0.0002432103164365 0.0001355048569115 0.0000792734606401 0.0000482846608403 
-0.6495680832077112 -0.1136700924986434 -0.0335535773007265 -0.0126830013604572 -0.0055731784340910 -0.0027165204075497 -0.0014298495236248 -0.0007989766846977 -0.0004684938144784 -0.0002858810189141 
5.1341749081481591 0.8534353554333701 0.2466287853497334 0.0921283179005373 0.0401782274537491 0.0194815128973635 0.0102148332903346 0.0056912039902844 0.0033294853468860 0.0020279557552929 
-58.1163361562307301 -8.3786714218962270 -2.2784630271454214 -0.8223875746435927 -0.3508000770888074 -0.1674891946856602 -0.0868294211281411 -0.0479597370149932 -0.0278671581272915 -0.0168809533452292 
890.8693220800111021 104.3956917950024490 25.8626254399281308 8.8448469895386008 3.6422172425129142 1.6963675504056699 0.8634360001913263 0.4702469539312898 0.2702214574714216 0.1622320975050761 
-17501.3972526578509132 -1601.2929975943416139 -352.8318531083154426 -112.5438139508650863 -44.2457164909946954 -19.9386010058198515 -9.9017730777904909 -5.2912002429877409 -2.9950595338073955 -1.7763445942850733 
130779.9780284477164969 9124.9123935694187821 1758.6788926081596856 516.9605865267927811 192.3055289358575521 83.2717676818528787 40.1303419527715519 20.9493293871261663 11.6395031119366390 6.7995506500406035 
-176642.3741865030606277 -9267.7631518585458252 -1544.8040387072342128 -414.7707584155529048 -144.9730268318778599 -59.9850722554788121 -27.9254272330164390 -14.1882022961112035 -7.7134771620165585 -4.4266894845496285 
0.0000183769365821 0.0000035772581249 0.0000007565755373 0.0000002202435185 0.0000000788609766 0.0000000325564583 0.0000000149140139 0.0000000073987525 0.0000000039100984 0.0000000021758223 
0.0003294740057812 0.0000114839032002 0.0000013099085084 0.0000002444538789 0.0000000596434193 0.0000000171036751 0.0000000053997083 0.0000000017790236 0.0000000005728146 0.0000000001563923 
0.0000485249990238 0.0000101669253485 0.0000025755219758 0.0000008430460798 0.0000003272739713 0.0000001432812954 0.0000000686165098 0.0000000352387813 0.0000000191446292 0.0000000108954882 
-0.0023231929220902 -0.0001897530632533 -0.0000378219279396 -0.0000110300635463 -0.0000039985107062 -0.0000016729996577 -0.0000007758590890 -0.0000003890464782 -0.0000002075101367 -0.0000001163909814 
0.0050606672905841 0.0005197964199324 0.0001151935043027 0.0000357508108025 0.0000135029351478 0.0000058162492275 0.0000027561573810 0.0000014051953253 0.0000007594131205 0.0000004304919601 
-0.0157918893451040 -0.0019557836445209 -0.0004707513857222 -0.0001531856768689 -0.0000596669557150 -0.0000262619456918 -0.0000126446954317 -0.0000065258945882 -0.0000035608579436 -0.0000020342391939 
0.0700293689443979 0.0098300077851585 0.0024946879509975 0.0008363157716072 0.0003320459616465 0.0001481079621616 0.0000720126983726 0.0000374440179986 0.0000205514690828 0.0000117960269542 
-0.4414832876543640 -0.0647873009382312 -0.0167453830116252 -0.0056710775742644 -0.0022662916094901 -0.0010154377924324 -0.0004953558836402 -0.0002582153412061 -0.0001420032562978 -0.0000816353101882 
3.9216446608862854 0.5504804359688766 0.1397025252558576 0.0468336832100053 0.0185945738522028 0.0082940458810481 0.0040327111088656 0.0020968650079226 0.0011508822686374 0.0006605775094351 
-47.7546733795944434 -5.9142897410311193 -1.4235521904239230 -0.4632334868514676 -0.1804328740820261 -0.0794161237719588 -0.0382375589853299 -0.0197343052345929 -0.0107680344214318 -0.0061515393222346 
765.1728943363112876 78.5932186937848201 17.4172578505710653 5.4055225933332025 2.0416437943450290 0.8794168831970015 0.4167309960057854 0.2124655331817095 0.1148232638251577 0.0650903843732223 
-15455.7378720814012922 -1262.3891792115866792 -251.6217221966716124 -73.3808067605358758 -26.6012920260948356 -11.1301321226592300 -5.1616353473802139 -2.5882484104143395 -1.3805234375220976 -0.7743259211747818 
117678.1348125201475341 7439.9585657003271990 1310.7001058346754689 354.9037784060423064 122.4189798415874719 49.4313714976965244 22.3215907381715830 10.9645405896375898 5.7532894407293611 3.1844170486794554 
-161116.5152941989654209 -7750.3185341371172399 -1191.6122252999343800 -296.7895542344579098 -96.7202596572950029 -37.4822052556635299 -16.4086485558624986 -7.8675220154769887 -4.0492970544454705 -2.2063118876981829 
562383.0658379537053406 20352.3310534252777870 2706.1564218972539493 615.5244502153990425 188.4331280896752219 69.7613398247145966 29.4952261980309132 13.7614528584348896 6.9293249297289368 3.7084831556139481 
-0.0006713793238456 -0.0000164840853622 -0.0000017269791989 -0.0000003296256575 -0.0000000877255079 -0.0000000288857918 -0.0000000110377191 -0.0000000047100010 -0.0000000021891777 -0.0000000010894781 
0.0003105327311438 0.0000099182307907 0.0000011839956977 0.0000002448474713 0.0000000688161487 0.0000000235727710 0.0000000092807216 0.0000000040536644 0.0000000019195573 0.0000000009699177 
-0.0003064443758589 -0.0000125468012674 -0.0000016900547362 -0.0000003760410025 -0.0000001110364003 -0.0000000394102674 -0.0000000159360918 -0.0000000071066118 -0.0000000034213569 -0.0000000017521462 
0.0004889247712635 0.0000251707134587 0.0000037803166671 0.0000008976640901 0.0000002768328999 0.0000001013565657 0.0000000419489065 0.0000000190465494 0.0000000093016382 0.0000000048190822 
-0.0011345292584581 -0.0000716103136970 -0.0000118197348236 -0.0000029672780473 -0.0000009494257163 -0.0000003568280535 -0.0000001505890842 -0.0000000694094948 -0.0000000343031680 -0.0000000179441726 
0.0036375249608312 0.0002724936453669 0.0000485918652499 0.0000127597193636 0.0000042050046750 0.0000016136955000 0.0000006916339423 0.0000003226037265 0.0000001609416414 0.0000000848311091 
-0.0156827360136859 -0.0013388615072984 -0.0002529017836277 -0.0000686448768805 -0.0000231159083019 -0.0000090065753097 -0.0000039038304621 -0.0000018366439303 -0.0000009225178028 -0.0000004889231941 
0.0894974905093419 0.0082962141957587 0.0016238816641078 0.0004498033270969 0.0001534773269719 0.0000603533021527 0.0000263384321899 0.0000124562986667 0.0000062823645277 0.0000033406136988 
-0.2982756543764740 -0.0366872395570021 -0.0083009071886972 -0.0025183740251280 -0.0009151619629711 -0.0003769062511402 -0.0001703969776896 -0.0000828572478547 -0.0000427346126658 -0.0000231444506188 
2.9427202519767586 0.3480770712567088 0.0775032232163218 0.0233047608733831 0.0084207466181630 0.0034543967175042 0.0015572058151632 0.0007555433226889 0.0003890089512383 0.0002103902380922 
-38.4439601416814227 -4.0676316571643101 -0.8643135008717805 -0.2531684438651579 -0.0899511547060921 -0.0364708019267302 -0.0163000785557700 -0.0078570485517895 -0.0040246428257831 -0.0021677055206915 
644.8029792763674095 57.5675831965815874 11.3604882698328318 3.1904080573820033 1.1030562238058226 0.4387832839306711 0.1933706475240918 0.0922130861837498 0.0468368884476383 0.0250556731238558 
-13424.2458028475339233 -969.2415193386101464 -173.6995856913810883 -46.1239855488964636 -15.3722441941848107 -5.9586975419123327 -2.5761275329308888 -1.2105353681920379 -0.6077545871246495 -0.3220899588351956 
104376.1936735960334772 5919.1556666577471333 946.4934012659492737 234.8869893575148922 74.8429099602422241 28.0981989574074511 11.8615345450557825 5.4721949709072710 2.7075870622637619 1.4181101146285160 
-145114.1928633760544471 -6337.4895472478337979 -892.1241156246510400 -204.9495607516539337 -61.9974026744306244 -22.4229694536309481 -9.2041574303896816 -4.1549013207525078 -2.0205362660655894 -1.0435003292562284 
512522.8196829446242191 17006.1520055212095031 2086.2341749048978272 440.3037463099615252 125.7091410187707368 43.5990936638243127 17.3378176624331104 7.6352301724242828 3.6402821901420341 1.8499396945490438 
-1224871.7640251985285431 -30587.3098522607688210 -3245.0879465470852665 -625.3878152348423782 -167.7053382107085611 -55.5578661834905532 -21.3350343138229732 -9.1414513064474416 -4.2634894099113332 -2.1279586237597172 
