1.0000000000000000 1.0000000000000000 1.0000000000000000 1.0000000000000000 1.0000000000000000 1.0000000000000000 1.0000000000000000 1.0000000000000000 1.0000000000000000 1.0000000000000000 
0.2291287847477921 0.3316624790355401 0.4153311931459038 0.4898979485566357 0.5590169943749475 0.6244997998398399 0.6873863542433761 0.7483314773547883 0.8077747210701756 0.8660254037844386 
1.1000000000000001 1.2000000000000002 1.3000000000000000 1.4000000000000001 1.5000000000000000 1.6000000000000001 1.7000000000000002 1.8000000000000000 1.8999999999999999 2.0000000000000000 
0.4582575694955842 0.6633249580710803 0.8306623862918076 0.9797958971132714 1.1180339887498949 1.2489995996796799 1.3747727084867523 1.4966629547095767 1.6155494421403511 1.7320508075688772 
0.0262500000000000 0.0550000000000000 0.0862500000000000 0.1200000000000001 0.1562500000000000 0.1950000000000001 0.2362500000000001 0.2800000000000000 0.3262500000000000 0.3750000000000000 
0.2520416632225713 0.3979949748426482 0.5399305510896749 0.6858571279792900 0.8385254915624212 0.9991996797437440 1.1685568022137396 1.3469966592386191 1.5347719700333333 1.7320508075688772 
1.3150000000000004 1.6600000000000006 2.0350000000000001 2.4400000000000004 2.8750000000000000 3.3400000000000007 3.8350000000000009 4.3600000000000003 4.9149999999999991 5.5000000000000000 
1.5122499793354280 2.3879698490558892 3.2395833065380497 4.1151427678757404 5.0311529493745271 5.9951980784624643 7.0113408132824375 8.0819799554317147 9.2086318202000008 10.3923048454132640 
0.6300000000000006 1.3200000000000012 2.0700000000000003 2.8800000000000012 3.7500000000000000 4.6800000000000015 5.6700000000000017 6.7200000000000006 7.8300000000000001 9.0000000000000000 
0.0020048768665432 0.0060804787823182 0.0119407718029447 0.0195959179422654 0.0291154684570285 0.0405924869895896 0.0541316753966659 0.0698442712197803 0.0878455009163816 0.1082531754730548 
0.0288750000000000 0.0660000000000001 0.1121250000000000 0.1680000000000001 0.2343750000000000 0.3120000000000001 0.4016250000000001 0.5040000000000000 0.6198750000000001 0.7500000000000000 
0.2892750907440875 0.5140768425050873 0.7735543472342459 1.0777754868245988 1.4324810480858026 1.8422744095275281 2.3113366161433522 2.8436596139481960 3.4431397485616224 4.1136206679760834 
1.6775000000000004 2.5200000000000014 3.5425000000000004 4.7600000000000016 6.1875000000000000 7.8400000000000025 9.7325000000000035 11.8800000000000008 14.2974999999999994 17.0000000000000000 
3.4713010889290508 6.1689221100610485 9.2826521668109514 12.9333058418951872 17.1897725770296326 22.1072929143303369 27.7360393937202296 34.1239153673783520 41.3176769827394708 49.3634480157130042 
3.4650000000000030 7.9200000000000079 13.4550000000000018 20.1600000000000108 28.1250000000000000 37.4400000000000119 48.1950000000000145 60.4800000000000040 74.3850000000000051 90.0000000000000000 
1.4435113439110916 4.3779447232691338 8.5973556981202108 14.1090609184311138 20.9631372890605299 29.2265906325045179 38.9748062855994348 50.2878752782417848 63.2487606597947405 77.9422863405994804 
0.0001148437500000 0.0005041666666667 0.0012398437500000 0.0024000000000000 0.0040690104166667 0.0063375000000000 0.0093023437500000 0.0130666666666667 0.0177398437500000 0.0234375000000000 
0.0022053645531975 0.0072965745387819 0.0155230033438282 0.0274342851191716 0.0436732026855428 0.0649479791833434 0.0920238481743320 0.1257196881956044 0.1669064517411250 0.2165063509461097 
0.0326812500000000 0.0832333333333334 0.1556812500000000 0.2544000000000002 0.3841145833333334 0.5499000000000004 0.7571812500000005 1.0117333333333334 1.3196812500000001 1.6875000000000000 
0.3446669744568664 0.7044511054714878 1.1918966915304574 1.8380971029844984 2.6728000043552171 3.7270148054441656 5.0335584255356842 6.6272235634540060 8.5448429431605817 10.8253175473054846 
2.2429375000000009 4.0470000000000041 6.5329375000000001 9.8320000000000043 14.0859375000000000 19.4470000000000098 26.0779375000000115 34.1520000000000010 43.8529374999999959 55.3750000000000000 
6.8933394891373281 14.0890221094297559 23.8379338306091491 36.7619420596899644 53.4560000871043428 74.5402961088833109 100.6711685107136844 132.5444712690801055 170.8968588632116337 216.5063509461096771 
11.7652500000000124 29.9640000000000342 56.0452500000000100 91.5840000000000600 138.2812500000000000 197.9640000000001123 272.5852500000001442 364.2239999999999895 475.0852500000000305 607.5000000000000000 
11.1150373481154077 36.7747356754607324 78.2359368528939143 138.2687970006249145 220.1129415351355760 327.3378150840506464 463.8001947986333562 633.6272285058464604 841.2085167752700272 1091.1920087683927250 
4.6305000000000076 20.3280000000000385 49.9905000000000257 96.7680000000000859 164.0625000000000000 255.5280000000001621 375.0705000000002087 526.8480000000000700 715.2704999999998563 945.0000000000000000 
0.0000052628017747 0.0000334426333028 0.0001029891568004 0.0002351510153072 0.0004549291946411 0.0007915534962970 0.0012788608312462 0.0019556395941538 0.0028659594673969 0.0040594940802396 
0.0001263281250000 0.0006050000000000 0.0016117968750000 0.0033600000000000 0.0061035156250000 0.0101400000000000 0.0158139843750000 0.0235200000000000 0.0337057031250000 0.0468750000000000 
0.0024785290262640 0.0090903157795658 0.0212097959149806 0.0407595093199121 0.0700590959747249 0.1118323016563194 0.1692291502088267 0.2458518346936265 0.3457818529821070 0.4736076426946149 
0.0379706250000000 0.1095600000000001 0.2281743750000001 0.4099200000000004 0.6738281250000001 1.0420800000000008 1.5402318750000012 2.1974399999999998 3.0466856250000003 4.1250000000000000 
0.4240629624817859 1.0109735685961345 1.9374213748672693 3.3211161728551475 5.2975594857563371 8.0236983283022347 11.6799056770443173 16.4716738143517141 22.6312325137268466 30.4191423079284071 
3.0990162500000018 6.7255200000000084 12.4530737500000015 20.9686400000000148 33.0820312500000000 49.7353600000000284 72.0124887500000312 101.1484799999999922 138.5390462499999558 185.7500000000000000 
12.7218888744535761 30.3292070578840338 58.1226412460180768 99.6334851856544219 158.9267845726901101 240.7109498490670205 350.3971703113295462 494.1502144305514435 678.9369754118054061 912.5742692378522634 
31.8953250000000388 92.0304000000001139 191.6664750000000765 344.3328000000003044 566.0156250000000000 875.3472000000006119 1293.7947750000009819 1845.8495999999997821 2559.2159249999999702 3465.0000000000000000 
49.9671451694824498 183.2607661160459998 427.5894856460086544 821.7117078894282258 1412.3913748504533032 2254.5392013913988194 3411.6596682099470854 4956.3729874235104944 6970.9621561192761874 9547.9300767234362866 
45.8419500000000752 219.5424000000004412 584.8888500000003887 1219.2768000000012307 2214.8437500000000000 3679.6032000000022890 5738.5786500000031083 8534.9376000000011118 12231.1255499999952008 17010.0000000000000000 
19.0976550799437561 121.3566277290205022 373.7270521972856159 853.3160043467141804 1650.8470615135165644 2872.3893273625449183 4640.7301844263265593 7096.6249592654803564 10399.9937152900492947 14731.0921183733025828 
0.0000002009765625 0.0000018486111111 0.0000071291015625 0.0000192000000000 0.0000423855251736 0.0000823875000000 0.0001465119140625 0.0002439111111111 0.0003858416015625 0.0005859375000000 
0.0000057890819521 0.0000401311599633 0.0001338859038405 0.0003292114214301 0.0006823937919616 0.0012664855940752 0.0021740634131186 0.0035201512694769 0.0054453229880542 0.0081189881604791 
0.0001413726562500 0.0007481833333333 0.0021808851562500 0.0049344000000000 0.0096638997395833 0.0172126500000000 0.0286419164062500 0.0452629333333333 0.0686709351562500 0.1007812500000000 
0.0028421635679333 0.0117110021347449 0.0302504527662851 0.0636475414764782 0.1187365198013194 0.2042613945316150 0.3311708236173774 0.5129363278380663 0.7658919804270872 1.1095950485988120 
0.0451751015625001 0.1495615000000002 0.3494812265625002 0.6936960000000008 1.2457275390625002 2.0863635000000018 3.3163490390625037 5.0592640000000006 7.4645857265625004 10.7109375000000018 
0.5360705640288776 1.5038638119404322 3.2767912706400173 6.2561143785758979 10.9597902139369552 18.0441473366203837 28.3257146369408659 42.8043210386211257 62.6876268234641074 89.4171229407432833 
4.3805681875000033 11.4236440000000190 24.2357111875000051 45.6261760000000436 79.2373046875000000 129.6845560000001001 202.7073086875001309 305.3299840000000245 446.0335631874997944 634.9375000000000000 
22.5149636892128626 63.1622801014981547 137.6252333668807353 262.7568039001877196 460.3111889853521461 757.8541881380560881 1189.6800147515164099 1797.7814836220873076 2632.8803265854926394 3755.5191635112182666 
75.8941706250001005 251.2633200000003626 587.1284606250003435 1165.4092800000012176 2092.8222656250000000 3505.0906800000025214 5571.4663856250053868 8499.5635199999996985 12540.5040206249996118 17994.3750000000000000 
171.8940525886048079 708.2814091093738398 1829.5473833049243240 3849.4033084973984842 7181.1847175837983741 12353.7291412720715016 20029.2114123789833684 31022.3891076462459750 46321.1469762302294839 67108.3085392561479239 
256.5065475000004653 1357.5038400000030379 3956.9980275000029906 8952.9753600000112783 17534.1796875000000000 31230.6321600000228500 51967.8931275000359165 82125.0662400000146590 124596.5447474999382393 182857.5000000000000000 
231.0816264673194667 1601.9074860230709874 5344.2968464211844548 13141.0664669394009252 27238.9765149730228586 50554.0521615807956550 86781.6544487723149359 140513.1741934565070551 217359.8686495620058849 324084.0266042126459070 
96.2680950000002582 885.4876800000024559 3414.8510550000023613 9196.8307200000108423 20302.7343750000000000 39463.7443200000416255 70179.4412550000561168 116833.8124800000368850 184818.7444949999626260 280665.0000000000000000 
0.0000004484183890 0.0000059703563054 0.0000288328584631 0.0000915936146046 0.0002307283328381 0.0005010164400060 0.0009806910166985 0.0017773949695111 0.0030349927514942 0.0049412892151118 
0.0000007125236209 0.0000071497025209 0.0000298702819099 0.0000866344119133 0.0002049132280720 0.0004248567030657 0.0008027550212893 0.0014150287279166 0.0023627829040839 0.0037769606198235 
0.0000064600891784 0.0000493836218437 0.0001799735515087 0.0004797080712267 0.0010709791457175 0.0021292789050389 0.0038973283832229 0.0067013250093005 0.0109694598614618 0.0172528498410181 
0.0001608157031250 0.0009510600000000 0.0030575786718750 0.0075532800000000 0.0160217285156250 0.0307039200000000 0.0546689439843751 0.0920102400000000 0.1480691538281249 0.2296875000000000 
0.0033207351942654 0.0155420685963324 0.0447603264005277 0.1036106726912166 0.2105184848201554 0.3913140101288633 0.6811187751317560 1.1265154567329874 1.7880186357602734 2.7428648335485271 
0.0549023835937501 0.2105466000000003 0.5548372476562504 1.2206208000000016 2.3995971679687500 4.3586712000000034 7.4589318070312567 12.1774463999999973 19.1320583273437492 29.1093750000000000 
0.6931867816505026 2.3006759529112593 5.7113331999349937 12.1569626032257023 23.4035139678736179 41.8999716200240968 70.9498456363964465 114.9078429039969933 179.4035274963661379 271.5936856149604637 
6.2925753687500059 19.6936752000000368 47.8378680812500221 100.6549376000001246 192.3764648437500000 342.7180864000002316 578.2509413562504506 933.9758208000001787 1455.1135333187492051 2199.1250000000000000 
38.8184597724281488 128.8378533630305185 319.8346591963596666 680.7899057806394012 1310.5967822009226893 2346.3984107213495918 3973.1913556382010029 6434.8392026238316248 10046.5975397965048614 15209.2463944377868756 
166.0248079875001963 636.6929184000010764 1677.8278369125014251 3691.1572992000051272 7256.3818359375000000 13180.6217088000121294 22555.8097844625226571 36824.5979135999950813 57855.3443818875020952 88026.7500000000000000 
502.0951613729267820 2349.9607717654544103 6767.7613517597874306 15665.9337109119533125 31830.3949048074973689 59166.6783314841304673 102985.1587999214971205 170329.1370580276707187 270348.4177269533392973 414721.1628325372585095 
1069.8747097500020118 6327.2119680000150765 20341.4593882500194013 50250.4611840000725351 106589.3554687500000000 204267.0389760001562536 363701.5505392503109761 612125.7246720002731308 985074.4665877494262531 1528065.0000000000000000 
1547.1965263016436438 11827.4169384703418473 43103.8095651739422465 114890.4668252416304313 256500.3621826626185793 509964.0011799463536590 933413.2656445894390345 1604972.7007874811533839 2627194.4123879955150187 4132071.3392037115991116 
1376.6337585000037507 13813.6078080000388582 57710.9828295000479557 167382.3191040002275258 395903.3203125000000000 820845.8818560008658096 1550965.6517355013638735 2733911.2120320009998977 4565022.9890264989808202 7297290.0000000000000000 
573.5025820507115668 7635.7590167099760947 36875.6482403061818331 117143.2210767169744940 295088.9122455411124974 640772.6111480367835611 1254250.1469449037685990 2273190.9069519187323749 3881589.6543577047996223 6319638.5187821462750435 
0.0000019669692471 0.0000379080196373 0.0002292539113165 0.0008590240504880 0.0024692237356702 0.0059898891372043 0.0129052852300645 0.0254631696940961 0.0469334435898893 0.0819229174125710 
0.0000047212220307 0.0000685740535165 0.0003587644301259 0.0012273588531581 0.0033126115583532 0.0076727365251828 0.0159573012616702 0.0306220864026764 0.0551937096886685 0.0945907339932509 
0.0000167817748858 0.0001854134061967 0.0008452051220364 0.0026548984971617 0.0067586074989512 0.0150024186244966 0.0302102771613030 0.0565284256435303 0.0998482996151487 0.1683184248508271 
0.0000235560382973 0.0002004816270970 0.0008036969191137 0.0023343111368895 0.0056358588617329 0.0120415789503723 0.0235611057079212 0.0431127862087825 0.0748081998553836 0.1242958661427016 
0.0001857784277344 0.0012395441666667 0.0044233440527344 0.0119846400000000 0.0276247660319010 0.0571046775000000 0.1090110268652345 0.1957073066666668 0.3344965065527342 0.5490234375000000 
0.0039475887666951 0.0211739296540912 0.0683476867041045 0.1746576327826942 0.3874290753862017 0.7794991513605690 1.4585314064900246 2.5785610927671265 4.3540875634054039 7.0770513465509595 
0.0680013821484376 0.3042031300000005 0.9071920196484383 2.2164556800000037 4.7762298583984375 9.4176291300000088 17.3621015883984562 30.3494732799999909 50.7940733696484372 81.9726562500000000 
0.9134620570066698 3.5987760311955648 10.1900277527658094 24.1955031551427133 51.2022581103927408 99.7038260956506832 182.1407528784960164 316.1873146862436101 526.3194191895165659 845.7008700893726427 
9.1454395339843835 34.3150807000000739 95.3985561589844195 224.2963072000003137 471.7261657714843750 914.6802727000006143 1665.8059804714860093 2885.0046592000007877 4793.5625946589816522 7691.1484375000000000 
65.7692681044802328 259.1118742460806743 733.6819981991383202 1742.0762271702753878 3686.5625839482777337 7178.6754788868493051 13114.1342072517145425 22765.4866574095394753 37894.9981816451982013 60890.4626464348330046 
342.7269660281253891 1533.1837752000028559 4572.2477790281291163 11170.9366272000188474 24072.1984863281250000 47464.8508152000431437 87504.9920055282273097 152961.3453311999619473 256002.1297830281255301 413142.1875000000000000 
1313.1259273534487875 7043.2959601368902440 22735.1745052533224225 58098.1149688354198588 128874.4076364661596017 259292.5977085796766914 485165.8870548417908140 857732.5618980569997802 1448343.6870911736041307 2354110.3599167112261057 
3707.8401720937572463 24739.3182960000631283 88282.8699420938355615 239194.2389760004298296 551346.1303710937500000 1139717.9954160009510815 2175685.6785870962776244 3906004.7093760021962225 6676015.0763820903375745 10957629.3750000000000000 
7585.2543887897627428 64556.8716867297771387 258797.5747879458649550 751669.0019089338602498 1814796.8103100776206702 3877495.8007932477630675 7586886.1401839228346944 13882701.6103135030716658 24088907.4430877082049847 40024377.2856202647089958 
10731.4858901250281633 118566.8003520003549056 540485.5507301255129278 1697734.9509120027069002 4321944.5800781250000000 9593636.2441920097917318 19318645.6914701461791992 36148381.5813120082020760 63850255.7544101104140282 107635027.5000000000000000 
9462.7926038367404544 137443.6623007796006277 719075.1406859705457464 2460007.6426110570318997 6639500.5255246749147773 15378542.6675528828054667 31983378.7470950521528721 61376154.4877018034458160 110625305.1491945832967758 189589155.5634644031524658 
3942.1784902500139651 75974.8429440002655610 459468.2094502504914999 1721646.7107840029057115 4948791.5039062500000000 12004871.0221440158784389 25864633.0745302811264992 51033009.2912640199065208 94063500.0107302218675613 164189025.0000000000000000 
