-0.0000878506876605 -0.0000037361519343 -0.0000005168146085 -0.0000001172685608 -0.0000000351496987 -0.0000000126235378 -0.0000000051529999 -0.0000000023157704 -0.0000000011220487 -0.0000000005777193 
-0.8514045331514803 -0.5068880884113355 -0.3595177444841718 -0.2755448641708850 -0.2209688210289365 -0.1826490122407321 -0.1543234201056548 -0.1325968128082004 -0.1154582476897690 -0.1016371937414528 
0.6744873407478825 0.4387371636790219 0.3239732527196759 0.2542316284596385 0.2070784343255753 0.1730696550347415 0.1474377094066634 0.1274866716458312 0.1115676900177419 0.0986122886681097 
-1.7028090663029607 -1.0137761768226710 -0.7190354889683436 -0.5510897283417701 -0.4419376420578731 -0.3652980244814643 -0.3086468402113097 -0.2651936256164009 -0.2309164953795381 -0.2032743874829055 
0.3389672935030562 0.1432148472746823 0.0823453640310067 0.0540333459314610 0.0382373369089141 0.0284379496774446 0.0219160017288441 0.0173511013036372 0.0140319854768231 0.0115453596808261 
-0.2091520190133214 -0.1057467984639969 -0.0660868908768595 -0.0455559011193532 -0.0333108345434329 -0.0253581632433596 -0.0198854916951773 -0.0159565614610738 -0.0130425170805035 -0.0108242977530303 
0.3517735028031506 0.1902530764226473 0.1225273609881082 0.0859465524582271 0.0635669991240193 0.0487829048850231 0.0384844797497377 0.0310232713199022 0.0254501033880008 0.0211837938373017 
-1.2549121140799286 -0.6344807907839813 -0.3965213452611572 -0.2733354067161193 -0.1998650072605976 -0.1521489794601579 -0.1193129501710639 -0.0957393687664430 -0.0782551024830212 -0.0649457865181818 
8.1352150440733499 3.4371563345923759 1.9762887367441604 1.2968003023550643 0.9176960858139382 0.6825107922586697 0.5259840414922585 0.4164264312872937 0.3367676514437545 0.2770886323398271 
-0.1011160666248365 -0.0298505399632977 -0.0138013479138364 -0.0077142273987254 -0.0048005888294244 -0.0032042800341187 -0.0022480665651620 -0.0016375276304983 -0.0012284579996425 -0.0009438104008559 
0.0554037053930446 0.0203426652144674 0.0104306157523861 0.0062022398596011 0.0040226720300378 0.0027656767488686 0.0019838343323330 0.0014700775846423 0.0011179882424901 0.0008684971394300 
-0.0747328928554469 -0.0318981755931615 -0.0175117615538538 -0.0108366109161469 -0.0072156095117026 -0.0050540734265363 -0.0036758148258381 -0.0027530600853660 -0.0021114161437536 -0.0016514459472126 
0.1952598613071876 0.0880147103926134 0.0494937803277837 0.0310542034294376 0.0208652082596647 0.0147079763369007 0.0107475530198146 0.0080786995291526 0.0062135340501746 0.0048711203455990 
-0.8967947142653626 -0.3827781071179379 -0.2101411386462455 -0.1300393309937628 -0.0865873141404314 -0.0606488811184353 -0.0441097779100572 -0.0330367210243922 -0.0253369937250434 -0.0198173513665509 
6.6484446471653493 2.4411198257360898 1.2516738902863267 0.7442687831521267 0.4827206436045366 0.3318812098642359 0.2380601198799656 0.1764093101570711 0.1341585890988104 0.1042196567316028 
-72.8035679698823088 -21.4923887735743619 -9.9369704979622107 -5.5542437270822864 -3.4564239571855753 -2.3070816245654351 -1.6186079269166651 -1.1790198939587937 -0.8844897597426140 -0.6795434886162391 
0.0239022670834631 0.0049039086305177 0.0018175850433284 0.0008636530297403 0.0004719544581934 0.0002824250304009 0.0001802375832770 0.0001207147809530 0.0000839628838985 0.0000602093186760 
-0.0122626437018363 -0.0031895500579310 -0.0013253474452311 -0.0006747127415523 -0.0003861998841373 -0.0002389312717728 -0.0001563416946464 -0.0001067627247734 -0.0000754149882638 -0.0000547628042844 
0.0146068730038978 0.0046105900878073 0.0020955398859511 0.0011247674487716 0.0006667865677471 0.0004229383183140 0.0002819378043199 0.0001953127104759 0.0001395430247158 0.0001022667118657 
-0.0314278473920596 -0.0112902156109126 -0.0054366496772701 -0.0030173969479066 -0.0018284461572023 -0.0011778591780974 -0.0007942426074238 -0.0005550868306928 -0.0003993601101832 -0.0002943295509831 
0.1120451059139733 0.0421410845075027 0.0207028295046269 0.0116228840584517 0.0070959223386054 0.0045951550795545 0.0031106104216453 0.0021804500269039 0.0015724231758298 0.0011610758316204 
-0.6285569478411926 -0.2258043122182512 -0.1087329935454017 -0.0603479389581328 -0.0365689231440464 -0.0235571835619479 -0.0158848521484750 -0.0111017366138567 -0.0079872022036641 -0.0058865910196618 
5.2584742814032239 1.6598124316106397 0.7543943589423858 0.4049162815577607 0.2400431643889712 0.1522577945930468 0.1014976095551492 0.0703125757713136 0.0502354888977028 0.0368160162716521 
-61.8037242572550412 -16.0753322919719892 -6.6797511239645297 -3.4005522174235518 -1.9464474160517860 -1.2042136097348637 -0.7879621410179638 -0.5380841328580687 -0.3800915408494479 -0.2760045335933357 
963.7394088052304824 197.7255959824743456 73.2850289470028002 34.8224901591301688 19.0292037543597914 11.3873772257652170 7.2671793577304573 4.8672199680258572 3.3853834787862884 2.4276397290151626 
-0.0014472605363914 -0.0002058738234780 -0.0000610819425320 -0.0000246494894808 -0.0000118201230727 -0.0000063381445338 -0.0000036778069355 -0.0000022641083398 -0.0000014597001084 -0.0000009767793224 
0.0022970049437128 0.0004187757997976 0.0001402160316451 0.0000608926073037 0.0000306830100415 0.0000170505539829 0.0000101632885081 0.0000063887545115 0.0000041880930209 0.0000028407419963 
-0.0025355132529179 -0.0005745750827946 -0.0002131521494209 -0.0000983941431042 -0.0000516387008036 -0.0000295412849262 -0.0000179951703660 -0.0000115035638539 -0.0000076422874585 -0.0000052400095329 
0.0048286617074999 0.0013012917884835 0.0005223693086936 0.0002525128764742 0.0001366106577873 0.0000798511837121 0.0000494256773468 0.0000319872486321 0.0000214584625230 0.0000148295049604 
-0.0144895017691750 -0.0043733003030619 -0.0018455860937498 -0.0009182281325305 -0.0005061990978539 -0.0002998253141656 -0.0001874112360115 -0.0001222044001876 -0.0000824682421453 -0.0000572656793430 
0.0656414206639171 0.0206129742221152 0.0088495967786000 0.0044463050837483 0.0024668237065027 0.0014676655595965 0.0009204254743829 0.0006016984638466 0.0004068600211983 0.0002829767173543 
-0.4346850530752487 -0.1311990090918560 -0.0553675828124930 -0.0275468439759147 -0.0151859729356174 -0.0089947594249684 -0.0056223370803455 -0.0036661320056292 -0.0024740472643597 -0.0017179703802893 
4.0560758342999392 1.0930851023261239 0.4387902193026516 0.2121108162383415 0.1147529525412974 0.0670749943181529 0.0415175689713299 0.0268692888509512 0.0180251085192852 0.0124567841667070 
-51.1159471788244133 -11.5834336691384934 -4.2971473323247622 -1.9836259249803776 -1.0410362082000426 -0.5955523041119962 -0.3627826345790950 -0.2319118472945775 -0.1540685151636297 -0.1056385921831837 
833.5371539745134442 151.9653622305611975 50.8815935633616050 22.0967093383739872 11.1342506838572479 6.1873050293230181 3.6880541338034889 2.3183512371209671 1.5197751954412104 1.0308484556062587 
-5251.8190344571430614 -747.0749306371018292 -221.6541530602535204 -89.4480674280602841 -42.8928626060707145 -22.9998588844179821 -13.3460258075786609 -8.2159963434116552 -5.2969597534105821 -3.5445368052518473 
0.0000113559929562 0.0000011186805319 0.0000002654859632 0.0000000909397297 0.0000000382515996 0.0000000183736803 0.0000000096918155 0.0000000054830787 0.0000000032761473 0.0000000020454889 
-0.0001150355390464 -0.0000146236908319 -0.0000039335254758 -0.0000014543541598 -0.0000006442277089 -0.0000003212267197 -0.0000001742839262 -0.0000001007870954 -0.0000000612841688 -0.0000000388125069 
0.0003891492735462 0.0000623931926811 0.0000187504209196 0.0000074093122737 0.0000034315207491 0.0000017664719699 0.0000009815911824 0.0000005782558374 0.0000003568260239 0.0000002287005242 
-0.0006838247729593 -0.0001339212196696 -0.0000441534273618 -0.0000184271467444 -0.0000088487549983 -0.0000046737856839 -0.0000026473662835 -0.0000015827905289 -0.0000009882034839 -0.0000006394001283 
0.0018257734561319 0.0004181601680700 0.0001479076820582 0.0000642994939235 0.0000317145187810 0.0000170707347988 0.0000098058441782 0.0000059261739360 0.0000037315990728 0.0000024311216914 
-0.0070873688341112 -0.0017952430795381 -0.0006636117759345 -0.0002958750641919 -0.0001483572122543 -0.0000807841167036 -0.0000468028119601 -0.0000284714001348 -0.0000180208314435 -0.0000117895345162 
0.0390059434105883 0.0102309728657344 0.0038391810684742 0.0017264463329108 0.0008704965773781 0.0004758564085210 0.0002764840437889 0.0001685632416071 0.0001068764273159 0.0000700181039486 
-0.2976694910326708 -0.0754002093405984 -0.0278716945892481 -0.0124267526960580 -0.0062310029146817 -0.0033929329015512 -0.0019657181023222 -0.0011957988056637 -0.0007568749206268 -0.0004951604496789 
3.0672994063016743 0.7025090823575899 0.2484849058578039 0.1080231497915336 0.0532803915521523 0.0286788344620410 0.0164738182194561 0.0099559722124097 0.0062690864422851 0.0040842844414974 
-41.3577222685783639 -8.0995553656174053 -2.6703992868426210 -1.1144738351031349 -0.5351727022954712 -0.2826705581640751 -0.1601127128284557 -0.0957271711893618 -0.0597665467080927 -0.0386709197611188 
706.0724419222698316 113.2062088005695841 34.0207637165228505 13.4434561893939648 6.2261512472032337 3.2050867420990836 1.7809990412755743 1.0491873913812155 0.6474251378223511 0.4149542311006138 
-4591.8506050082633010 -583.7309421996627634 -157.0137497132253941 -58.0531641241597285 -25.7155086107728863 -12.8223427234278429 -6.9568566267281389 -4.0230983287375528 -2.4462679092422612 -1.5492710756373758 
5439.5387955885462361 535.8497646672841483 127.1682011686831686 43.5602760489937779 18.3225774045941208 8.8010222540812055 4.6423951335603189 2.6264034871760029 1.5692798060466053 0.9797924737048626 
-0.0000116664801912 -0.0000007953265223 -0.0000001509055702 -0.0000000438624517 -0.0000000161795171 -0.0000000069604553 -0.0000000033370675 -0.0000000017347782 -0.0000000009605351 -0.0000000005595163 
0.0000024789945708 0.0000002191048206 0.0000000472636207 0.0000000148602392 0.0000000057818167 0.0000000025851958 0.0000000012760747 0.0000000006786100 0.0000000003826219 0.0000000002261978 
-0.0000164789726644 -0.0000018546461250 -0.0000004495531674 -0.0000001516463522 -0.0000000618597709 -0.0000000286142696 -0.0000000144889862 -0.0000000078591410 -0.0000000045015718 -0.0000000026954881 
0.0000882567931168 0.0000123438369300 0.0000033136409319 0.0000011876607976 0.0000005044213204 0.0000002401371825 0.0000001242352831 0.0000000685161429 0.0000000397651590 0.0000000240663306 
-0.0002172154494564 -0.0000365445778462 -0.0000106736474152 -0.0000040191641436 -0.0000017634620056 -0.0000008590887447 -0.0000004521283768 -0.0000002526606815 -0.0000001481763678 -0.0000000904374738 
0.0007548792880764 0.0001464590519953 0.0000455736213344 0.0000177999203902 0.0000079989427868 0.0000039629498853 0.0000021118274391 0.0000011914972859 0.0000007040718896 0.0000004323493482 
-0.0036127331852394 -0.0007674113156855 -0.0002483885680680 -0.0000992231882049 -0.0000452462687112 -0.0000226478820759 -0.0000121607455324 -0.0000069010952772 -0.0000040966657410 -0.0000025249375882 
0.0234194952554158 0.0051321901961094 0.0016835113408020 0.0006776418223553 0.0003105344314080 0.0001559742770940 0.0000839635030623 0.0000477412957895 0.0000283839467875 0.0000175157712197 
-0.2023130583734085 -0.0429750336783907 -0.0139097598118069 -0.0055564985394754 -0.0025337910478286 -0.0012682813962477 -0.0006810017498169 -0.0003864613355208 -0.0002294132814941 -0.0001413965049376 
2.2827549671428864 0.4428921732338827 0.1378146309151350 0.0538269592598361 0.0241888029873179 0.0119839604530458 0.0063861661758682 0.0036030877925555 0.0021291133940323 0.0013074244290552 
-32.8429759578127403 -5.5255401703462743 -1.6138554891793591 -0.6076976185134154 -0.2666354552403263 -0.1298942182011990 -0.0683618105742539 -0.0382022950449673 -0.0224042668043057 -0.0136741460351086 
587.1547932477755012 82.1210783277579282 22.0449903918734016 7.9012697544101158 3.3558141606301928 1.5975846474769213 0.8265124913851016 0.4558241957035912 0.2645496499333223 0.1601084841844576 
-3946.7271362947931266 -444.1892306533102328 -107.6683432453602904 -36.3194226755220342 -14.8154646216467007 -6.8531404593506693 -3.4701237836633068 -1.8822705574652723 -1.0781300353837220 -0.6455715544007246 
4789.5501468661395847 423.3222363874236862 91.3158439270248579 28.7107772012080957 11.1707792083909361 4.9947365271625506 2.4654446189667225 1.3111107951285379 0.7392460275566309 0.4370261782191904 
-14920.7897747456900106 -1017.1791017008697509 -192.9999667545117745 -56.0976755908946885 -20.6927170160594187 -8.9020414371428060 -4.2679266816438464 -2.2186863579509537 -1.2284717741896669 -0.7155907567876447 
0.0000142413795967 0.0000006715738481 0.0000001018474912 0.0000000251143358 0.0000000081227322 0.0000000031292941 0.0000000013634829 0.0000000006512594 0.0000000003341376 0.0000000001815797 
-0.0000065870579334 -0.0000004040760692 -0.0000000698253873 -0.0000000186550454 -0.0000000063718656 -0.0000000025537169 -0.0000000011464421 -0.0000000005605067 -0.0000000002929851 -0.0000000001616530 
0.0000065003352455 0.0000005111659776 0.0000000996698947 0.0000000286507430 0.0000000102811482 0.0000000042694456 0.0000000019685760 0.0000000009826426 0.0000000005222071 0.0000000002920244 
-0.0000103711315117 -0.0000010254735113 -0.0000002229417522 -0.0000000683934545 -0.0000000256326759 -0.0000000109802946 -0.0000000051819237 -0.0000000026335969 -0.0000000014197237 -0.0000000008031804 
0.0000240657721491 0.0000029174572247 0.0000006970612845 0.0000002260783274 0.0000000879097885 0.0000000386563725 0.0000000186021810 0.0000000095973622 0.0000000052357467 0.0000000029906954 
-0.0000771596203813 -0.0000111015929594 -0.0000028656741045 -0.0000009721690944 -0.0000003893522847 -0.0000001748170125 -0.0000000854371341 -0.0000000446069350 -0.0000000245647768 -0.0000000141385182 
0.0003326640972600 0.0000545462095566 0.0000149147205729 0.0000052300858576 0.0000021403618798 0.0000009757123252 0.0000004822378806 0.0000002539557039 0.0000001408053489 0.0000000814871990 
-0.0018984316168648 -0.0003379939116791 -0.0000957673801910 -0.0000342707296836 -0.0000142108636085 -0.0000065382743999 -0.0000032535710352 -0.0000017223524082 -0.0000009588872174 -0.0000005567689498 
0.0141725084800303 0.0025953266837286 0.0007442754582899 0.0002681692423857 0.0001116935831292 0.0000515484738260 0.0000257101276960 0.0000136340368834 0.0000076009365291 0.0000044183011188 
-0.1366870764142678 -0.0243355616408921 -0.0068952513737500 -0.0024674925372170 -0.0010231821798128 -0.0004707557567909 -0.0002342571145363 -0.0001240093733934 -0.0000690398796523 -0.0000400873643851 
1.6766270501904263 0.2749128961652634 0.0751701916874828 0.0263596327221258 0.0107874238742136 0.0049175901191218 0.0024304789182556 0.0012799367478852 0.0007096589582256 0.0004106954830298 
-25.6663761236253194 -3.6928338820117790 -0.9532378341142588 -0.3233823275500755 -0.1295141439905259 -0.0581511310376048 -0.0284198082717838 -0.0148380508641001 -0.0081712273683570 -0.0047030366884142 
480.3143068608318345 58.2277782733443985 13.9122279399449873 4.5121616898197114 1.7545387237359420 0.7715193440890478 0.3712697690721939 0.1915479947008978 0.1044971267634561 0.0596894958567440 
-3339.5968295883085375 -330.2116151212105706 -71.7892322419402547 -22.0233022320153644 -8.2539502192586962 -3.5357527810939886 -1.6686256542255549 -0.8480417022372393 -0.4571636991763137 -0.2586312414577420 
4156.7865403201085428 326.8766571494668938 63.7361706920517932 18.3213662942254913 6.5745129645362343 2.7301936744227664 1.2588505236836480 0.6283730675912437 0.3339371533790556 0.1867415942062487 
-13202.5061917916882521 -809.8937128212194239 -139.9517231378169697 -37.3904944112372348 -12.7711940806189865 -5.1184402688731359 -2.2978253560778752 -1.1234291515995773 -0.5872329010904141 -0.3240026417604712 
28542.4189529931354627 1345.9610425988187217 204.1216403101943513 50.3338801959043707 16.2794920422457423 6.2716974065732662 2.7326777726256388 1.3052470484519767 0.6696750505092554 0.3639200416157728 
